run;iterations;problem;ants;OptSolution;totaltime

 10; 50; 1; 1024; 3800; 0.02112
 10; 50; 1; 1024; 3800; 0.01050
 10; 50; 1; 1024; 3800; 0.01027
 10; 50; 1; 1024; 3800; 0.01020
 10; 50; 1; 1024; 3800; 0.01014
 10; 50; 1; 1024; 3800; 0.01028
 10; 50; 1; 1024; 3800; 0.01022
 10; 50; 1; 1024; 3800; 0.01003
 10; 50; 1; 1024; 3800; 0.01020
 10; 50; 1; 1024; 3800; 0.01013
 10; 50; 1; 2048; 3800; 0.01309
 10; 50; 1; 2048; 3800; 0.01303
 10; 50; 1; 2048; 3800; 0.01296
 10; 50; 1; 2048; 3800; 0.01296
 10; 50; 1; 2048; 3800; 0.01336
 10; 50; 1; 2048; 3800; 0.01313
 10; 50; 1; 2048; 3800; 0.01308
 10; 50; 1; 2048; 3800; 0.01307
 10; 50; 1; 2048; 3800; 0.01301
 10; 50; 1; 2048; 3800; 0.01297
 10; 50; 1; 4096; 3800; 0.01947
 10; 50; 1; 4096; 3800; 0.01926
 10; 50; 1; 4096; 3800; 0.01929
 10; 50; 1; 4096; 3800; 0.01922
 10; 50; 1; 4096; 3800; 0.01919
 10; 50; 1; 4096; 3800; 0.01903
 10; 50; 1; 4096; 3800; 0.01903
 10; 50; 1; 4096; 3800; 0.01966
 10; 50; 1; 4096; 3800; 0.01920
 10; 50; 1; 4096; 3800; 0.01918
 10; 50; 1; 8192; 3800; 0.03182
 10; 50; 1; 8192; 3800; 0.03144
 10; 50; 1; 8192; 3800; 0.03138
 10; 50; 1; 8192; 3800; 0.03134
 10; 50; 1; 8192; 3800; 0.03132
 10; 50; 1; 8192; 3800; 0.03146
 10; 50; 1; 8192; 3800; 0.03124
 10; 50; 1; 8192; 3800; 0.03130
 10; 50; 1; 8192; 3800; 0.03123
 10; 50; 1; 8192; 3800; 0.03123
 10; 50; 3; 1024; 4015; 0.05268
 10; 50; 3; 1024; 4015; 0.03907
 10; 50; 3; 1024; 4015; 0.03881
 10; 50; 3; 1024; 4015; 0.03845
 10; 50; 3; 1024; 4015; 0.03875
 10; 50; 3; 1024; 4015; 0.03836
 10; 50; 3; 1024; 4015; 0.03866
 10; 50; 3; 1024; 4015; 0.03832
 10; 50; 3; 1024; 4015; 0.03824
 10; 50; 3; 1024; 4015; 0.03827
 10; 50; 3; 2048; 4015; 0.04143
 10; 50; 3; 2048; 4015; 0.04143
 10; 50; 3; 2048; 4015; 0.04199
 10; 50; 3; 2048; 4015; 0.04158
 10; 50; 3; 2048; 4015; 0.04201
 10; 50; 3; 2048; 4015; 0.04157
 10; 50; 3; 2048; 4015; 0.04164
 10; 50; 3; 2048; 4015; 0.04160
 10; 50; 3; 2048; 4015; 0.04166
 10; 50; 3; 2048; 4015; 0.04155
 10; 50; 3; 4096; 4015; 0.04956
 10; 50; 3; 4096; 4015; 0.04941
 10; 50; 3; 4096; 4015; 0.04925
 10; 50; 3; 4096; 4015; 0.04923
 10; 50; 3; 4096; 4015; 0.04922
 10; 50; 3; 4096; 4015; 0.04920
 10; 50; 3; 4096; 4015; 0.04940
 10; 50; 3; 4096; 4015; 0.04918
 10; 50; 3; 4096; 4015; 0.04930
 10; 50; 3; 4096; 4015; 0.04945
 10; 50; 3; 8192; 4015; 0.06878
 10; 50; 3; 8192; 4015; 0.07176
 10; 50; 3; 8192; 4015; 0.07085
 10; 50; 3; 8192; 4015; 0.06968
 10; 50; 3; 8192; 4015; 0.07427
 10; 50; 3; 8192; 4015; 0.07012
 10; 50; 3; 8192; 4015; 0.07159
 10; 50; 3; 8192; 4015; 0.06895
 10; 50; 3; 8192; 4015; 0.06678
 10; 50; 3; 8192; 4015; 0.06600
 10; 50; 4; 1024; 6120; 0.07152
 10; 50; 4; 1024; 6120; 0.06065
 10; 50; 4; 1024; 6120; 0.06081
 10; 50; 4; 1024; 6120; 0.06054
 10; 50; 4; 1024; 6120; 0.06068
 10; 50; 4; 1024; 6120; 0.06072
 10; 50; 4; 1024; 6120; 0.06061
 10; 50; 4; 1024; 6120; 0.06085
 10; 50; 4; 1024; 6120; 0.06084
 10; 50; 4; 1024; 6120; 0.06078
 10; 50; 4; 2048; 6120; 0.06415
 10; 50; 4; 2048; 6120; 0.06438
 10; 50; 4; 2048; 6120; 0.06401
 10; 50; 4; 2048; 6120; 0.06398
 10; 50; 4; 2048; 6120; 0.06394
 10; 50; 4; 2048; 6120; 0.06399
 10; 50; 4; 2048; 6120; 0.06388
 10; 50; 4; 2048; 6120; 0.06414
 10; 50; 4; 2048; 6120; 0.06413
 10; 50; 4; 2048; 6120; 0.06399
 10; 50; 4; 4096; 6120; 0.07531
 10; 50; 4; 4096; 6120; 0.07247
 10; 50; 4; 4096; 6120; 0.07262
 10; 50; 4; 4096; 6120; 0.07263
 10; 50; 4; 4096; 6120; 0.07256
 10; 50; 4; 4096; 6120; 0.07244
 10; 50; 4; 4096; 6120; 0.07287
 10; 50; 4; 4096; 6120; 0.07465
 10; 50; 4; 4096; 6120; 0.07264
 10; 50; 4; 4096; 6120; 0.07435
 10; 50; 4; 8192; 6120; 0.09549
 10; 50; 4; 8192; 6120; 0.09371
 10; 50; 4; 8192; 6120; 0.09558
 10; 50; 4; 8192; 6120; 0.09248
 10; 50; 4; 8192; 6120; 0.09537
 10; 50; 4; 8192; 6120; 0.09219
 10; 50; 4; 8192; 6120; 0.09662
 10; 50; 4; 8192; 6120; 0.09162
 10; 50; 4; 8192; 6120; 0.09326
 10; 50; 4; 8192; 6120; 0.09443
 10; 50; 5; 1024; 12400; 0.13001
 10; 50; 5; 1024; 12400; 0.11524
 10; 50; 5; 1024; 12400; 0.11429
 10; 50; 5; 1024; 12400; 0.11392
 10; 50; 5; 1024; 12400; 0.11472
 10; 50; 5; 1024; 12400; 0.11419
 10; 50; 5; 1024; 12400; 0.11409
 10; 50; 5; 1024; 12400; 0.11487
 10; 50; 5; 1024; 12400; 0.11435
 10; 50; 5; 1024; 12400; 0.11446
 10; 50; 5; 2048; 12400; 0.11787
 10; 50; 5; 2048; 12400; 0.11792
 10; 50; 5; 2048; 12400; 0.11728
 10; 50; 5; 2048; 12400; 0.12400
 10; 50; 5; 2048; 12400; 0.11858
 10; 50; 5; 2048; 12400; 0.12381
 10; 50; 5; 2048; 12400; 0.11762
 10; 50; 5; 2048; 12400; 0.11726
 10; 50; 5; 2048; 12400; 0.11917
 10; 50; 5; 2048; 12400; 0.11713
 10; 50; 5; 4096; 12400; 0.12707
 10; 50; 5; 4096; 12400; 0.12590
 10; 50; 5; 4096; 12400; 0.12703
 10; 50; 5; 4096; 12400; 0.12575
 10; 50; 5; 4096; 12400; 0.12589
 10; 50; 5; 4096; 12400; 0.12624
 10; 50; 5; 4096; 12400; 0.12608
 10; 50; 5; 4096; 12400; 0.12574
 10; 50; 5; 4096; 12400; 0.13044
 10; 50; 5; 4096; 12400; 0.12611
 10; 50; 5; 8192; 12400; 0.15713
 10; 50; 5; 8192; 12400; 0.15717
 10; 50; 5; 8192; 12400; 0.15713
 10; 50; 5; 8192; 12400; 0.16674
 10; 50; 5; 8192; 12400; 0.15970
 10; 50; 5; 8192; 12400; 0.16283
 10; 50; 5; 8192; 12400; 0.15864
 10; 50; 5; 8192; 12400; 0.15822
 10; 50; 5; 8192; 12400; 0.15736
 10; 50; 5; 8192; 12400; 0.15641
 10; 50; 6; 1024; 10604; 0.19075
 10; 50; 6; 1024; 10618; 0.17232
 10; 50; 6; 1024; 10618; 0.17256
 10; 50; 6; 1024; 10586; 0.17320
 10; 50; 6; 1024; 10618; 0.17442
 10; 50; 6; 1024; 10618; 0.17384
 10; 50; 6; 1024; 10605; 0.17472
 10; 50; 6; 1024; 10601; 0.17500
 10; 50; 6; 1024; 10585; 0.17437
 10; 50; 6; 1024; 10586; 0.17460
 10; 50; 6; 2048; 10618; 0.17797
 10; 50; 6; 2048; 10602; 0.17705
 10; 50; 6; 2048; 10602; 0.17781
 10; 50; 6; 2048; 10605; 0.17767
 10; 50; 6; 2048; 10618; 0.17759
 10; 50; 6; 2048; 10604; 0.17809
 10; 50; 6; 2048; 10618; 0.17751
 10; 50; 6; 2048; 10618; 0.17991
 10; 50; 6; 2048; 10588; 0.17697
 10; 50; 6; 2048; 10601; 0.17878
 10; 50; 6; 4096; 10618; 0.18773
 10; 50; 6; 4096; 10618; 0.18778
 10; 50; 6; 4096; 10618; 0.18714
 10; 50; 6; 4096; 10604; 0.18775
 10; 50; 6; 4096; 10618; 0.18740
 10; 50; 6; 4096; 10618; 0.18795
 10; 50; 6; 4096; 10618; 0.18707
 10; 50; 6; 4096; 10618; 0.18722
 10; 50; 6; 4096; 10618; 0.18702
 10; 50; 6; 4096; 10618; 0.18707
 10; 50; 6; 8192; 10618; 0.24063
 10; 50; 6; 8192; 10618; 0.24166
 10; 50; 6; 8192; 10618; 0.24141
 10; 50; 6; 8192; 10618; 0.24101
 10; 50; 6; 8192; 10618; 0.24074
 10; 50; 6; 8192; 10618; 0.24193
 10; 50; 6; 8192; 10618; 0.24334
 10; 50; 6; 8192; 10618; 0.24266
 10; 50; 6; 8192; 10618; 0.24189
 10; 50; 6; 8192; 10618; 0.24106
 10; 50; 7; 1024; 16519; 0.28235
 10; 50; 7; 1024; 16486; 0.26962
 10; 50; 7; 1024; 16456; 0.27115
 10; 50; 7; 1024; 16447; 0.27149
 10; 50; 7; 1024; 16511; 0.27091
 10; 50; 7; 1024; 16450; 0.27173
 10; 50; 7; 1024; 16457; 0.27332
 10; 50; 7; 1024; 16457; 0.27169
 10; 50; 7; 1024; 16439; 0.27084
 10; 50; 7; 1024; 16426; 0.27132
 10; 50; 7; 2048; 16473; 0.27553
 10; 50; 7; 2048; 16471; 0.27777
 10; 50; 7; 2048; 16468; 0.27829
 10; 50; 7; 2048; 16459; 0.27891
 10; 50; 7; 2048; 16499; 0.27763
 10; 50; 7; 2048; 16470; 0.27733
 10; 50; 7; 2048; 16463; 0.27618
 10; 50; 7; 2048; 16451; 0.27704
 10; 50; 7; 2048; 16469; 0.27716
 10; 50; 7; 2048; 16474; 0.27736
 10; 50; 7; 4096; 16486; 0.28666
 10; 50; 7; 4096; 16464; 0.28814
 10; 50; 7; 4096; 16483; 0.28829
 10; 50; 7; 4096; 16501; 0.28696
 10; 50; 7; 4096; 16497; 0.28698
 10; 50; 7; 4096; 16519; 0.28656
 10; 50; 7; 4096; 16442; 0.28619
 10; 50; 7; 4096; 16473; 0.28592
 10; 50; 7; 4096; 16489; 0.28694
 10; 50; 7; 4096; 16459; 0.28820
 10; 50; 7; 8192; 16471; 0.35944
 10; 50; 7; 8192; 16463; 0.35867
 10; 50; 7; 8192; 16499; 0.35731
 10; 50; 7; 8192; 16515; 0.35772
 10; 50; 7; 8192; 16499; 0.35526
 10; 50; 7; 8192; 16494; 0.35820
 10; 50; 7; 8192; 16499; 0.35727
 10; 50; 7; 8192; 16471; 0.35887
 10; 50; 7; 8192; 16521; 0.35670
 10; 50; 7; 8192; 16500; 0.35940