Ants;Problem;itemtypes;itemcount;Time;packingtimeperiteration;OptSolution;

1024; 0; 50; 60; 0.1815, 0.18438;  21;
1024; 0; 50; 60; 0.1281, 0.13028;  21;
1024; 0; 50; 60; 0.1277, 0.12990;  21;
1024; 0; 50; 60; 0.1279, 0.13009;  21;
1024; 0; 50; 60; 0.1278, 0.13013;  21;
1024; 0; 50; 60; 0.1280, 0.13019;  21;
1024; 0; 50; 60; 0.1280, 0.13017;  21;
1024; 0; 50; 60; 0.1273, 0.12961;  21;
1024; 0; 50; 60; 0.1273, 0.12967;  21;
1024; 0; 50; 60; 0.1276, 0.12999;  21;
2048; 0; 50; 60; 0.1458, 0.14846;  21;
2048; 0; 50; 60; 0.1471, 0.14972;  21;
2048; 0; 50; 60; 0.1467, 0.14944;  21;
2048; 0; 50; 60; 0.1470, 0.14978;  21;
2048; 0; 50; 60; 0.1457, 0.14826;  21;
2048; 0; 50; 60; 0.1457, 0.14825;  21;
2048; 0; 50; 60; 0.1463, 0.14899;  21;
2048; 0; 50; 60; 0.1459, 0.14842;  21;
2048; 0; 50; 60; 0.1459, 0.14842;  21;
2048; 0; 50; 60; 0.2069, 0.21036;  21;
4096; 0; 50; 60; 0.2261, 0.23093;  21;
4096; 0; 50; 60; 0.2051, 0.20952;  21;
4096; 0; 50; 60; 0.1999, 0.20418;  21;
4096; 0; 50; 60; 0.1628, 0.16653;  21;
4096; 0; 50; 60; 0.1613, 0.16502;  21;
4096; 0; 50; 60; 0.1613, 0.16500;  21;
4096; 0; 50; 60; 0.1612, 0.16480;  21;
4096; 0; 50; 60; 0.1611, 0.16478;  21;
4096; 0; 50; 60; 0.1618, 0.16561;  21;
4096; 0; 50; 60; 0.1617, 0.16550;  21;
8192; 0; 50; 60; 0.2067, 0.21175;  21;
8192; 0; 50; 60; 0.2067, 0.21203;  21;
8192; 0; 50; 60; 0.2068, 0.21186;  21;
8192; 0; 50; 60; 0.2075, 0.21275;  20;
8192; 0; 50; 60; 0.2077, 0.21280;  20;
8192; 0; 50; 60; 0.2064, 0.21161;  21;
8192; 0; 50; 60; 0.2072, 0.21243;  21;
8192; 0; 50; 60; 0.2071, 0.21232;  21;
8192; 0; 50; 60; 0.2065, 0.21167;  21;
8192; 0; 50; 60; 0.2065, 0.21171;  21;
1024; 1; 166; 201; 0.8158, 0.82344;  66;
1024; 1; 166; 201; 0.8150, 0.82280;  66;
1024; 1; 166; 201; 0.8157, 0.82337;  66;
1024; 1; 166; 201; 0.8144, 0.82204;  66;
1024; 1; 166; 201; 0.8166, 0.82416;  66;
1024; 1; 166; 201; 0.8175, 0.82520;  66;
1024; 1; 166; 201; 0.8160, 0.82358;  66;
1024; 1; 166; 201; 0.8165, 0.82429;  66;
1024; 1; 166; 201; 0.8162, 0.82389;  66;
1024; 1; 166; 201; 0.8201, 0.82773;  66;
2048; 1; 166; 201; 1.0428, 1.05412;  66;
2048; 1; 166; 201; 1.0420, 1.05306;  66;
2048; 1; 166; 201; 1.0407, 1.05239;  66;
2048; 1; 166; 201; 1.0421, 1.05326;  66;
2048; 1; 166; 201; 1.0415, 1.05269;  66;
2048; 1; 166; 201; 1.0402, 1.05130;  66;
2048; 1; 166; 201; 1.0423, 1.05397;  66;
2048; 1; 166; 201; 1.0413, 1.05246;  66;
2048; 1; 166; 201; 1.0450, 1.05612;  66;
2048; 1; 166; 201; 1.0415, 1.05306;  66;
4096; 1; 166; 201; 1.2817, 1.29860;  66;
4096; 1; 166; 201; 1.2727, 1.28871;  66;
4096; 1; 166; 201; 1.2663, 1.28132;  66;
4096; 1; 166; 201; 1.2813, 1.29734;  66;
4096; 1; 166; 201; 1.2696, 1.28504;  66;
4096; 1; 166; 201; 1.2784, 1.29502;  66;
4096; 1; 166; 201; 1.2701, 1.28526;  66;
4096; 1; 166; 201; 1.2710, 1.28616;  66;
4096; 1; 166; 201; 1.2774, 1.29361;  66;
4096; 1; 166; 201; 1.2700, 1.28513;  66;
8192; 1; 166; 201; 1.6458, 1.66694;  66;
8192; 1; 166; 201; 1.6792, 1.70186;  66;
8192; 1; 166; 201; 1.6980, 1.72254;  66;
8192; 1; 166; 201; 1.6937, 1.71794;  65;
8192; 1; 166; 201; 1.6489, 1.67009;  66;
8192; 1; 166; 201; 1.7060, 1.73041;  65;
8192; 1; 166; 201; 1.6521, 1.67279;  66;
8192; 1; 166; 201; 1.6750, 1.69718;  66;
8192; 1; 166; 201; 1.6550, 1.67583;  66;
8192; 1; 166; 201; 1.6526, 1.67340;  66;
1024; 2; 358; 402; 3.8493, 3.86584;  134;
1024; 2; 358; 402; 3.8489, 3.86542;  134;
1024; 2; 358; 402; 3.8493, 3.86595;  134;
1024; 2; 358; 402; 3.8455, 3.86156;  134;
1024; 2; 358; 402; 3.8489, 3.86535;  134;
1024; 2; 358; 402; 3.8518, 3.86797;  134;
1024; 2; 358; 402; 3.8429, 3.85927;  134;
1024; 2; 358; 402; 3.8462, 3.86270;  134;
1024; 2; 358; 402; 3.8501, 3.86628;  134;
1024; 2; 358; 402; 3.8533, 3.86981;  134;
2048; 2; 358; 402; 4.6956, 4.71941;  134;
2048; 2; 358; 402; 4.6959, 4.71974;  134;
2048; 2; 358; 402; 4.6992, 4.72301;  134;
2048; 2; 358; 402; 4.6942, 4.71745;  134;
2048; 2; 358; 402; 4.7020, 4.72527;  134;
2048; 2; 358; 402; 4.7044, 4.72783;  134;
2048; 2; 358; 402; 4.7010, 4.72439;  134;
2048; 2; 358; 402; 4.7011, 4.72494;  134;
2048; 2; 358; 402; 4.7032, 4.72694;  134;
2048; 2; 358; 402; 4.7106, 4.73457;  134;
4096; 2; 358; 402; 5.6047, 5.63849;  134;
4096; 2; 358; 402; 5.6355, 5.66982;  134;
4096; 2; 358; 402; 5.6575, 5.69239;  134;
4096; 2; 358; 402; 5.6908, 5.72772;  133;
4096; 2; 358; 402; 5.6248, 5.65875;  134;
4096; 2; 358; 402; 5.6023, 5.63414;  134;
4096; 2; 358; 402; 5.6662, 5.70003;  134;
4096; 2; 358; 402; 5.6679, 5.70150;  134;
4096; 2; 358; 402; 5.6871, 5.72169;  134;
4096; 2; 358; 402; 5.6201, 5.65203;  134;
8192; 2; 358; 402; 7.3035, 7.34623;  134;
8192; 2; 358; 402; 7.3008, 7.34342;  133;
8192; 2; 358; 402; 7.3206, 7.36398;  134;
8192; 2; 358; 402; 7.3224, 7.36587;  133;
8192; 2; 358; 402; 7.3020, 7.34438;  134;
8192; 2; 358; 402; 7.3333, 7.37680;  134;
8192; 2; 358; 402; 7.4315, 7.47657;  134;
8192; 2; 358; 402; 7.3330, 7.37537;  134;
8192; 2; 358; 402; 7.3413, 7.38417;  134;
8192; 2; 358; 402; 7.3904, 7.43580;  133;
1024; 3; 522; 600; 8.5036, 8.52839;  200;
1024; 3; 522; 600; 8.5033, 8.52718;  200;
1024; 3; 522; 600; 8.4929, 8.51719;  200;
1024; 3; 522; 600; 8.4966, 8.52059;  200;
1024; 3; 522; 600; 8.4320, 8.45594;  200;
1024; 3; 522; 600; 8.4405, 8.46429;  200;
1024; 3; 522; 600; 8.4328, 8.45651;  200;
1024; 3; 522; 600; 8.4412, 8.46552;  200;
1024; 3; 522; 600; 8.4412, 8.46524;  200;
1024; 3; 522; 600; 8.4409, 8.46518;  200;
2048; 3; 522; 600; 10.2145, 10.24887;  200;
2048; 3; 522; 600; 10.2185, 10.25325;  200;
2048; 3; 522; 600; 10.2142, 10.24867;  200;
2048; 3; 522; 600; 10.2130, 10.24751;  200;
2048; 3; 522; 600; 10.2135, 10.24824;  200;
2048; 3; 522; 600; 10.2119, 10.24625;  200;
2048; 3; 522; 600; 10.2225, 10.25742;  200;
2048; 3; 522; 600; 10.2069, 10.24109;  200;
2048; 3; 522; 600; 10.2082, 10.24250;  200;
2048; 3; 522; 600; 10.2154, 10.24982;  200;
4096; 3; 522; 600; 12.1474, 12.19732;  200;
4096; 3; 522; 600; 12.0633, 12.10983;  200;
4096; 3; 522; 600; 12.1727, 12.22220;  200;
4096; 3; 522; 600; 12.1117, 12.15913;  200;
4096; 3; 522; 600; 12.0931, 12.14098;  200;
4096; 3; 522; 600; 12.0662, 12.11297;  200;
4096; 3; 522; 600; 12.0855, 12.13306;  200;
4096; 3; 522; 600; 12.0796, 12.12637;  200;
4096; 3; 522; 600; 12.0735, 12.12049;  200;
4096; 3; 522; 600; 12.1136, 12.16081;  200;
8192; 3; 522; 600; 15.5117, 15.57399;  200;
8192; 3; 522; 600; 15.5376, 15.60360;  200;
8192; 3; 522; 600; 15.9055, 15.97609;  200;
8192; 3; 522; 600; 15.6832, 15.74830;  200;
8192; 3; 522; 600; 15.6558, 15.71843;  200;
8192; 3; 522; 600; 15.5644, 15.62680;  200;
8192; 3; 522; 600; 15.7047, 15.77030;  200;
8192; 3; 522; 600; 15.7684, 15.83660;  200;
8192; 3; 522; 600; 15.7184, 15.78596;  199;
8192; 3; 522; 600; 15.7492, 15.81628;  200;
1024; 4; 712; 801; 15.1042, 15.13797;  268;
1024; 4; 712; 801; 15.0979, 15.13199;  267;
1024; 4; 712; 801; 15.0979, 15.13195;  267;
1024; 4; 712; 801; 15.0901, 15.12411;  267;
1024; 4; 712; 801; 14.9894, 15.02923;  267;
1024; 4; 712; 801; 14.9740, 15.02042;  268;
1024; 4; 712; 801; 14.9838, 15.01754;  268;
1024; 4; 712; 801; 15.0283, 15.06233;  268;
1024; 4; 712; 801; 14.9950, 15.02890;  268;
1024; 4; 712; 801; 14.9820, 15.01609;  267;
2048; 4; 712; 801; 17.8808, 17.93081;  268;
2048; 4; 712; 801; 17.8683, 17.91853;  268;
2048; 4; 712; 801; 17.8826, 17.93300;  268;
2048; 4; 712; 801; 17.8787, 17.92851;  268;
2048; 4; 712; 801; 17.8848, 17.93451;  268;
2048; 4; 712; 801; 17.9048, 17.95508;  268;
2048; 4; 712; 801; 17.8876, 17.93790;  268;
2048; 4; 712; 801; 17.8778, 17.92729;  268;
2048; 4; 712; 801; 17.8631, 17.91310;  268;
2048; 4; 712; 801; 17.8847, 17.93413;  267;
4096; 4; 712; 801; 20.9447, 21.01336;  268;
4096; 4; 712; 801; 20.9293, 20.99727;  268;
4096; 4; 712; 801; 20.9888, 21.05723;  268;
4096; 4; 712; 801; 21.1234, 21.19202;  268;
4096; 4; 712; 801; 21.1598, 21.22902;  268;
4096; 4; 712; 801; 21.0999, 21.16841;  268;
4096; 4; 712; 801; 21.1195, 21.18876;  268;
4096; 4; 712; 801; 21.0994, 21.16789;  268;
4096; 4; 712; 801; 21.1187, 21.18825;  268;
4096; 4; 712; 801; 21.0969, 21.16556;  268;
8192; 4; 712; 801; 27.9530, 28.04394;  268;
8192; 4; 712; 801; 27.9813, 28.07259;  268;
8192; 4; 712; 801; 27.9811, 28.07193;  267;
8192; 4; 712; 801; 28.0081, 28.09901;  268;
8192; 4; 712; 801; 28.1085, 28.19962;  268;
8192; 4; 712; 801; 28.1421, 28.23407;  268;
8192; 4; 712; 801; 28.1370, 28.22882;  268;
8192; 4; 712; 801; 28.1382, 28.23022;  268;
8192; 4; 712; 801; 28.1155, 28.20724;  268;
8192; 4; 712; 801; 28.1120, 28.20312;  268;
1024; 5; 915; 1002; 25.8317, 25.87484;  335;
1024; 5; 915; 1002; 25.6493, 25.69212;  335;
1024; 5; 915; 1002; 25.6332, 25.67597;  335;
1024; 5; 915; 1002; 25.6324, 25.67485;  335;
1024; 5; 915; 1002; 25.6233, 25.66559;  335;
1024; 5; 915; 1002; 25.4334, 25.47587;  335;
1024; 5; 915; 1002; 25.4489, 25.49133;  335;
1024; 5; 915; 1002; 25.4318, 25.47429;  335;
1024; 5; 915; 1002; 25.4066, 25.44907;  335;
1024; 5; 915; 1002; 25.4487, 25.49052;  335;
2048; 5; 915; 1002; 32.2307, 32.29743;  335;
2048; 5; 915; 1002; 32.2191, 32.28134;  336;
2048; 5; 915; 1002; 32.2082, 32.27027;  335;
2048; 5; 915; 1002; 32.2027, 32.26470;  336;
2048; 5; 915; 1002; 32.2195, 32.28158;  336;
2048; 5; 915; 1002; 32.2227, 32.28521;  336;
2048; 5; 915; 1002; 32.2277, 32.29034;  335;
2048; 5; 915; 1002; 32.2287, 32.29140;  335;
2048; 5; 915; 1002; 32.1923, 32.25437;  335;
2048; 5; 915; 1002; 32.2513, 32.31297;  335;
4096; 5; 915; 1002; 39.3436, 39.42980;  335;
4096; 5; 915; 1002; 39.5863, 39.67478;  335;
4096; 5; 915; 1002; 39.5441, 39.63192;  335;
4096; 5; 915; 1002; 39.5222, 39.60848;  335;
4096; 5; 915; 1002; 39.4649, 39.55169;  335;
4096; 5; 915; 1002; 39.4906, 39.57609;  335;
4096; 5; 915; 1002; 39.5450, 39.63217;  336;
4096; 5; 915; 1002; 39.4910, 39.57718;  335;
4096; 5; 915; 1002; 39.6066, 39.69571;  335;
4096; 5; 915; 1002; 39.5240, 39.61091;  336;
8192; 5; 915; 1002; 50.5950, 50.70954;  335;
8192; 5; 915; 1002; 50.7251, 50.84311;  335;
8192; 5; 915; 1002; 50.5853, 50.69915;  335;
8192; 5; 915; 1002; 50.6817, 50.79751;  335;
8192; 5; 915; 1002; 50.6305, 50.74475;  335;
8192; 5; 915; 1002; 50.8184, 50.93680;  335;
8192; 5; 915; 1002; 50.6036, 50.71773;  335;
8192; 5; 915; 1002; 50.9084, 51.03016;  335;
8192; 5; 915; 1002; 50.6562, 50.77167;  335;
8192; 5; 915; 1002; 50.8679, 50.98683;  335;