run;iterations;problem;ants;OptSolution;totaltime

 10; 50; 1; 1024; 3800; 0.09602
 10; 50; 1; 1024; 3800; 0.05398
 10; 50; 1; 1024; 3800; 0.05386
 10; 50; 1; 1024; 3800; 0.05383
 10; 50; 1; 1024; 3800; 0.05384
 10; 50; 1; 1024; 3800; 0.05382
 10; 50; 1; 1024; 3800; 0.05385
 10; 50; 1; 1024; 3800; 0.05378
 10; 50; 1; 1024; 3800; 0.05388
 10; 50; 1; 1024; 3800; 0.05380
 10; 50; 1; 2048; 3800; 0.07394
 10; 50; 1; 2048; 3800; 0.07350
 10; 50; 1; 2048; 3800; 0.07362
 10; 50; 1; 2048; 3800; 0.07349
 10; 50; 1; 2048; 3800; 0.07359
 10; 50; 1; 2048; 3800; 0.07355
 10; 50; 1; 2048; 3800; 0.07365
 10; 50; 1; 2048; 3800; 0.07356
 10; 50; 1; 2048; 3800; 0.07357
 10; 50; 1; 2048; 3800; 0.07365
 10; 50; 1; 4096; 3800; 0.11312
 10; 50; 1; 4096; 3800; 0.11330
 10; 50; 1; 4096; 3800; 0.11385
 10; 50; 1; 4096; 3800; 0.11340
 10; 50; 1; 4096; 3800; 0.11334
 10; 50; 1; 4096; 3800; 0.11325
 10; 50; 1; 4096; 3800; 0.11313
 10; 50; 1; 4096; 3800; 0.11307
 10; 50; 1; 4096; 3800; 0.11302
 10; 50; 1; 4096; 3800; 0.11299
 10; 50; 1; 8192; 3800; 0.19612
 10; 50; 1; 8192; 3800; 0.19668
 10; 50; 1; 8192; 3800; 0.19601
 10; 50; 1; 8192; 3800; 0.19639
 10; 50; 1; 8192; 3800; 0.19613
 10; 50; 1; 8192; 3800; 0.19671
 10; 50; 1; 8192; 3800; 0.19600
 10; 50; 1; 8192; 3800; 0.19646
 10; 50; 1; 8192; 3800; 0.19592
 10; 50; 1; 8192; 3800; 0.19648
 10; 50; 3; 1024; 4015; 0.26326
 10; 50; 3; 1024; 4015; 0.22758
 10; 50; 3; 1024; 4015; 0.22768
 10; 50; 3; 1024; 4015; 0.22780
 10; 50; 3; 1024; 4015; 0.22781
 10; 50; 3; 1024; 4015; 0.22815
 10; 50; 3; 1024; 4015; 0.22763
 10; 50; 3; 1024; 4015; 0.22747
 10; 50; 3; 1024; 4015; 0.22689
 10; 50; 3; 1024; 4015; 0.22724
 10; 50; 3; 2048; 4015; 0.24910
 10; 50; 3; 2048; 4015; 0.24924
 10; 50; 3; 2048; 4015; 0.25007
 10; 50; 3; 2048; 4015; 0.25015
 10; 50; 3; 2048; 4015; 0.24934
 10; 50; 3; 2048; 4015; 0.24935
 10; 50; 3; 2048; 4015; 0.24918
 10; 50; 3; 2048; 4015; 0.24935
 10; 50; 3; 2048; 4015; 0.25065
 10; 50; 3; 2048; 4015; 0.24983
 10; 50; 3; 4096; 4015; 0.30343
 10; 50; 3; 4096; 4015; 0.30242
 10; 50; 3; 4096; 4015; 0.30234
 10; 50; 3; 4096; 4015; 0.30198
 10; 50; 3; 4096; 4015; 0.30213
 10; 50; 3; 4096; 4015; 0.30178
 10; 50; 3; 4096; 4015; 0.30262
 10; 50; 3; 4096; 4015; 0.30235
 10; 50; 3; 4096; 4015; 0.30196
 10; 50; 3; 4096; 4015; 0.30220
 10; 50; 3; 8192; 4015; 0.53794
 10; 50; 3; 8192; 4015; 0.53937
 10; 50; 3; 8192; 4015; 0.53912
 10; 50; 3; 8192; 4015; 0.53985
 10; 50; 3; 8192; 4015; 0.53931
 10; 50; 3; 8192; 4015; 0.54026
 10; 50; 3; 8192; 4015; 0.53909
 10; 50; 3; 8192; 4015; 0.53901
 10; 50; 3; 8192; 4015; 0.54151
 10; 50; 3; 8192; 4015; 0.54037
 10; 50; 4; 1024; 6120; 0.38147
 10; 50; 4; 1024; 6120; 0.37050
 10; 50; 4; 1024; 6120; 0.37109
 10; 50; 4; 1024; 6120; 0.37059
 10; 50; 4; 1024; 6120; 0.37047
 10; 50; 4; 1024; 6120; 0.37019
 10; 50; 4; 1024; 6120; 0.37020
 10; 50; 4; 1024; 6120; 0.37123
 10; 50; 4; 1024; 6120; 0.37203
 10; 50; 4; 1024; 6120; 0.37170
 10; 50; 4; 2048; 6120; 0.39309
 10; 50; 4; 2048; 6120; 0.39225
 10; 50; 4; 2048; 6120; 0.39380
 10; 50; 4; 2048; 6120; 0.39356
 10; 50; 4; 2048; 6120; 0.39231
 10; 50; 4; 2048; 6120; 0.39334
 10; 50; 4; 2048; 6120; 0.39375
 10; 50; 4; 2048; 6120; 0.39324
 10; 50; 4; 2048; 6120; 0.39258
 10; 50; 4; 2048; 6120; 0.39300
 10; 50; 4; 4096; 6120; 0.46359
 10; 50; 4; 4096; 6120; 0.46292
 10; 50; 4; 4096; 6120; 0.46275
 10; 50; 4; 4096; 6120; 0.46282
 10; 50; 4; 4096; 6120; 0.46320
 10; 50; 4; 4096; 6120; 0.46289
 10; 50; 4; 4096; 6120; 0.46273
 10; 50; 4; 4096; 6120; 0.46184
 10; 50; 4; 4096; 6120; 0.46251
 10; 50; 4; 4096; 6120; 0.46181
 10; 50; 4; 8192; 6120; 0.84284
 10; 50; 4; 8192; 6120; 0.84820
 10; 50; 4; 8192; 6120; 0.83867
 10; 50; 4; 8192; 6120; 0.84543
 10; 50; 4; 8192; 6120; 0.84401
 10; 50; 4; 8192; 6120; 0.84653
 10; 50; 4; 8192; 6120; 0.84539
 10; 50; 4; 8192; 6120; 0.84530
 10; 50; 4; 8192; 6120; 0.84149
 10; 50; 4; 8192; 6120; 0.84354
 10; 50; 5; 1024; 12400; 0.71637
 10; 50; 5; 1024; 12400; 0.70617
 10; 50; 5; 1024; 12400; 0.70634
 10; 50; 5; 1024; 12400; 0.70483
 10; 50; 5; 1024; 12400; 0.71024
 10; 50; 5; 1024; 12400; 0.70689
 10; 50; 5; 1024; 12400; 0.70588
 10; 50; 5; 1024; 12400; 0.70623
 10; 50; 5; 1024; 12400; 0.70703
 10; 50; 5; 1024; 12400; 0.70567
 10; 50; 5; 2048; 12400; 0.73108
 10; 50; 5; 2048; 12400; 0.73271
 10; 50; 5; 2048; 12400; 0.73279
 10; 50; 5; 2048; 12400; 0.73497
 10; 50; 5; 2048; 12400; 0.73140
 10; 50; 5; 2048; 12400; 0.73340
 10; 50; 5; 2048; 12400; 0.73316
 10; 50; 5; 2048; 12400; 0.73350
 10; 50; 5; 2048; 12400; 0.73233
 10; 50; 5; 2048; 12400; 0.73295
 10; 50; 5; 4096; 12400; 0.88698
 10; 50; 5; 4096; 12400; 0.88459
 10; 50; 5; 4096; 12400; 0.88753
 10; 50; 5; 4096; 12400; 0.88292
 10; 50; 5; 4096; 12400; 0.88406
 10; 50; 5; 4096; 12400; 0.88930
 10; 50; 5; 4096; 12400; 0.88161
 10; 50; 5; 4096; 12400; 0.88605
 10; 50; 5; 4096; 12400; 0.88120
 10; 50; 5; 4096; 12400; 0.88607
 10; 50; 5; 8192; 12400; 1.66005
 10; 50; 5; 8192; 12400; 1.65887
 10; 50; 5; 8192; 12400; 1.66100
 10; 50; 5; 8192; 12400; 1.65726
 10; 50; 5; 8192; 12400; 1.65989
 10; 50; 5; 8192; 12400; 1.65827
 10; 50; 5; 8192; 12400; 1.66715
 10; 50; 5; 8192; 12400; 1.65873
 10; 50; 5; 8192; 12400; 1.65826
 10; 50; 5; 8192; 12400; 1.66227
 10; 50; 6; 1024; 10618; 1.01513
 10; 50; 6; 1024; 10618; 1.00280
 10; 50; 6; 1024; 10605; 1.00599
 10; 50; 6; 1024; 10604; 1.00720
 10; 50; 6; 1024; 10600; 1.00519
 10; 50; 6; 1024; 10605; 1.00111
 10; 50; 6; 1024; 10618; 1.00239
 10; 50; 6; 1024; 10604; 1.00160
 10; 50; 6; 1024; 10605; 1.00676
 10; 50; 6; 1024; 10605; 1.00623
 10; 50; 6; 2048; 10618; 1.04284
 10; 50; 6; 2048; 10618; 1.04053
 10; 50; 6; 2048; 10618; 1.04606
 10; 50; 6; 2048; 10618; 1.04259
 10; 50; 6; 2048; 10618; 1.04582
 10; 50; 6; 2048; 10618; 1.04641
 10; 50; 6; 2048; 10605; 1.04323
 10; 50; 6; 2048; 10602; 1.04528
 10; 50; 6; 2048; 10618; 1.04233
 10; 50; 6; 2048; 10618; 1.04612
 10; 50; 6; 4096; 10618; 1.37055
 10; 50; 6; 4096; 10618; 1.36620
 10; 50; 6; 4096; 10605; 1.36835
 10; 50; 6; 4096; 10618; 1.36486
 10; 50; 6; 4096; 10618; 1.37077
 10; 50; 6; 4096; 10618; 1.36817
 10; 50; 6; 4096; 10618; 1.37293
 10; 50; 6; 4096; 10618; 1.36335
 10; 50; 6; 4096; 10618; 1.36556
 10; 50; 6; 4096; 10618; 1.37103
 10; 50; 6; 8192; 10618; 2.88579
 10; 50; 6; 8192; 10618; 2.88080
 10; 50; 6; 8192; 10618; 2.88945
 10; 50; 6; 8192; 10618; 2.89034
 10; 50; 6; 8192; 10618; 2.88795
 10; 50; 6; 8192; 10618; 2.88828
 10; 50; 6; 8192; 10618; 2.89184
 10; 50; 6; 8192; 10618; 2.88417
 10; 50; 6; 8192; 10618; 2.88802
 10; 50; 6; 8192; 10618; 2.88739
 10; 50; 7; 1024; 16498; 1.58368
 10; 50; 7; 1024; 16440; 1.57819
 10; 50; 7; 1024; 16462; 1.57755
 10; 50; 7; 1024; 16504; 1.58357
 10; 50; 7; 1024; 16494; 1.57779
 10; 50; 7; 1024; 16449; 1.57910
 10; 50; 7; 1024; 16471; 1.57381
 10; 50; 7; 1024; 16492; 1.58099
 10; 50; 7; 1024; 16485; 1.57585
 10; 50; 7; 1024; 16494; 1.57344
 10; 50; 7; 2048; 16515; 1.62616
 10; 50; 7; 2048; 16471; 1.61755
 10; 50; 7; 2048; 16499; 1.62295
 10; 50; 7; 2048; 16499; 1.61920
 10; 50; 7; 2048; 16470; 1.62564
 10; 50; 7; 2048; 16499; 1.62056
 10; 50; 7; 2048; 16487; 1.62297
 10; 50; 7; 2048; 16471; 1.62060
 10; 50; 7; 2048; 16516; 1.62514
 10; 50; 7; 2048; 16475; 1.61872
 10; 50; 7; 4096; 16494; 2.19921
 10; 50; 7; 4096; 16495; 2.20003
 10; 50; 7; 4096; 16518; 2.18609
 10; 50; 7; 4096; 16504; 2.19694
 10; 50; 7; 4096; 16494; 2.19361
 10; 50; 7; 4096; 16494; 2.19215
 10; 50; 7; 4096; 16502; 2.18983
 10; 50; 7; 4096; 16502; 2.18853
 10; 50; 7; 4096; 16507; 2.19480
 10; 50; 7; 4096; 16501; 2.18723
 10; 50; 7; 8192; 16508; 4.62589
 10; 50; 7; 8192; 16507; 4.65469
 10; 50; 7; 8192; 16487; 4.63305
 10; 50; 7; 8192; 16498; 4.64448
 10; 50; 7; 8192; 16496; 4.62937
 10; 50; 7; 8192; 16518; 4.64171
 10; 50; 7; 8192; 16507; 4.63535
 10; 50; 7; 8192; 16524; 4.64638
 10; 50; 7; 8192; 16518; 4.63186
 10; 50; 7; 8192; 16499; 4.65831