Ants;Problem;itemtypes;itemcount;Time;packingtimeperiteration;OptSolution;

1024; 0; 50; 60;21;21;21;21;21;21;21;21;21;21;21;21;20;21;20;0.45834;  20;
1024; 0; 50; 60;21;21;21;21;21;21;21;20;21;20;20;20;21;21;20;0.45865;  20;
1024; 0; 50; 60;21;21;21;21;21;21;21;21;20;20;21;21;21;21;21;0.45865;  20;
1024; 0; 50; 60;21;21;21;21;21;21;21;21;21;21;21;21;21;21;21;0.45636;  21;
1024; 0; 50; 60;21;21;21;21;21;21;20;21;20;20;21;21;21;21;21;0.45805;  20;
1024; 0; 50; 60;21;21;21;21;21;21;20;21;21;20;20;21;20;21;20;0.45824;  20;
1024; 0; 50; 60;21;21;21;21;21;21;21;21;20;21;21;21;21;21;21;0.45858;  20;
1024; 0; 50; 60;21;21;21;21;21;21;21;21;21;21;20;21;20;21;21;0.45852;  20;
1024; 0; 50; 60;21;21;21;21;21;20;21;21;21;21;21;21;20;21;20;0.45576;  20;
1024; 0; 50; 60;21;21;21;21;21;21;20;21;20;21;21;21;21;20;21;0.45825;  20;
2048; 0; 50; 60;21;21;21;21;21;21;21;21;21;21;21;21;21;21;21;0.59421;  21;
2048; 0; 50; 60;21;21;21;21;21;21;21;21;21;21;21;21;21;21;20;0.59447;  20;
2048; 0; 50; 60;21;21;21;21;21;21;21;21;21;21;21;21;21;21;21;0.59549;  21;
2048; 0; 50; 60;21;21;21;21;21;21;21;21;21;21;21;21;21;21;21;0.59337;  21;
2048; 0; 50; 60;21;21;21;21;21;21;21;21;21;21;21;21;21;21;21;0.59367;  21;
2048; 0; 50; 60;21;21;21;21;21;21;21;21;21;21;21;21;21;20;21;0.59422;  20;
2048; 0; 50; 60;21;21;21;21;21;21;21;21;21;21;20;21;21;21;21;0.59525;  20;
2048; 0; 50; 60;21;21;21;21;21;21;21;21;21;21;21;21;21;21;21;0.59413;  21;
2048; 0; 50; 60;21;21;21;21;21;21;21;21;21;21;21;21;21;21;21;0.59415;  21;
2048; 0; 50; 60;21;21;21;21;21;21;21;21;21;21;21;21;21;21;21;0.59323;  21;
4096; 0; 50; 60;21;21;21;21;21;21;21;21;21;21;21;21;21;21;21;1.00467;  21;
4096; 0; 50; 60;21;21;21;21;21;21;21;21;21;21;21;21;21;21;21;1.00261;  21;
4096; 0; 50; 60;21;21;21;21;21;21;21;21;21;21;21;21;21;21;21;1.00380;  21;
4096; 0; 50; 60;21;21;21;21;21;21;21;21;21;21;21;21;21;21;21;1.00527;  21;
4096; 0; 50; 60;21;21;21;21;21;21;21;21;21;21;21;21;21;21;21;1.00286;  21;
4096; 0; 50; 60;21;21;21;21;21;21;21;21;21;21;21;21;21;21;21;1.00598;  21;
4096; 0; 50; 60;21;21;21;21;21;21;21;21;21;21;21;21;21;21;21;1.00658;  21;
4096; 0; 50; 60;21;21;21;21;21;21;21;21;21;21;21;21;21;21;21;1.00405;  21;
4096; 0; 50; 60;21;21;21;21;21;21;21;21;21;21;21;21;21;21;21;1.00428;  21;
4096; 0; 50; 60;21;21;21;21;21;21;21;21;21;21;21;21;21;21;21;1.00656;  21;
8192; 0; 50; 60;21;21;21;21;21;21;21;21;21;21;21;21;21;21;21;2.50591;  21;
8192; 0; 50; 60;21;21;21;21;21;21;21;21;21;21;21;21;21;21;21;2.50620;  21;
8192; 0; 50; 60;21;21;21;21;21;21;21;21;21;21;21;21;21;21;21;2.50491;  21;
8192; 0; 50; 60;21;21;21;21;21;21;21;21;21;21;21;21;21;21;21;2.50705;  21;
8192; 0; 50; 60;21;21;21;21;21;21;21;21;21;21;21;21;21;21;21;2.50661;  21;
8192; 0; 50; 60;21;21;21;21;21;21;21;21;21;21;21;21;21;21;21;2.50798;  21;
8192; 0; 50; 60;21;21;21;21;21;21;21;21;21;21;21;21;21;21;21;2.50891;  21;
8192; 0; 50; 60;21;21;21;21;21;21;21;21;21;21;21;21;21;21;21;2.50777;  21;
8192; 0; 50; 60;21;21;21;21;21;21;21;21;21;21;21;21;21;21;21;2.50733;  21;
8192; 0; 50; 60;21;21;21;21;21;21;21;21;21;21;21;21;21;21;21;2.50785;  21;
1024; 1; 166; 201;66;65;66;66;65;66;65;66;66;66;65;65;66;65;66;3.95182;  65;
1024; 1; 166; 201;66;65;66;65;66;66;66;65;66;66;66;66;65;66;65;3.89178;  65;
1024; 1; 166; 201;66;65;66;65;66;65;65;65;65;66;65;66;65;65;65;3.96786;  65;
1024; 1; 166; 201;66;65;66;65;66;66;66;66;65;66;65;66;66;66;65;3.92707;  65;
1024; 1; 166; 201;66;65;66;65;65;65;66;66;66;66;65;66;65;66;65;3.89791;  65;
1024; 1; 166; 201;66;66;66;65;66;65;66;65;66;65;66;65;65;65;66;3.95350;  65;
1024; 1; 166; 201;66;66;66;66;66;66;65;66;66;65;65;66;66;65;65;3.89930;  65;
1024; 1; 166; 201;66;65;66;66;66;66;66;65;66;66;65;66;65;66;66;3.89850;  65;
1024; 1; 166; 201;66;65;65;65;65;65;65;66;65;65;65;65;66;65;66;3.93636;  65;
1024; 1; 166; 201;66;65;65;65;65;66;65;65;66;65;66;66;66;66;66;3.89875;  65;
2048; 1; 166; 201;66;65;66;66;66;65;66;66;66;66;66;66;66;66;66;5.15193;  65;
2048; 1; 166; 201;65;65;66;66;66;66;66;66;65;66;66;66;66;66;66;5.15178;  65;
2048; 1; 166; 201;66;66;66;66;66;65;66;66;66;66;65;66;66;65;66;5.15675;  65;
2048; 1; 166; 201;66;66;66;66;66;66;66;66;66;66;66;66;66;66;65;5.15446;  65;
2048; 1; 166; 201;66;66;66;66;66;65;65;66;66;66;66;65;66;65;65;5.18658;  65;
2048; 1; 166; 201;66;65;66;66;66;66;66;66;66;66;65;66;66;66;66;5.15610;  65;
2048; 1; 166; 201;66;66;66;66;65;66;66;66;65;66;66;66;65;66;66;5.15384;  65;
2048; 1; 166; 201;66;66;66;66;65;66;65;66;66;66;66;66;66;65;66;5.17746;  65;
2048; 1; 166; 201;66;66;65;65;66;66;65;65;65;66;66;66;66;66;66;5.15518;  65;
2048; 1; 166; 201;66;66;65;65;66;66;66;65;66;66;66;66;66;66;65;5.21577;  65;
4096; 1; 166; 201;66;66;66;66;66;66;66;66;66;66;66;66;66;66;66;9.24004;  66;
4096; 1; 166; 201;66;66;66;66;66;66;66;66;66;66;66;66;66;66;66;9.24815;  66;
4096; 1; 166; 201;66;66;66;66;66;66;66;66;66;66;66;66;66;66;66;9.24284;  66;
4096; 1; 166; 201;66;66;66;66;66;66;66;66;66;66;66;66;66;66;66;9.23508;  66;
4096; 1; 166; 201;66;66;66;66;66;66;66;66;66;66;66;66;66;66;66;9.23276;  66;
4096; 1; 166; 201;66;66;66;66;66;66;66;66;66;66;66;66;66;66;66;9.24393;  66;
4096; 1; 166; 201;66;66;66;66;66;66;66;66;66;66;66;66;66;66;66;9.22982;  66;
4096; 1; 166; 201;66;66;66;66;66;66;66;66;66;66;66;66;66;66;66;9.23425;  66;
4096; 1; 166; 201;66;66;66;66;66;66;66;66;66;66;66;66;66;66;66;9.23682;  66;
4096; 1; 166; 201;66;66;66;66;66;66;66;66;66;66;66;66;66;66;66;9.23308;  66;
8192; 1; 166; 201;66;66;66;66;66;66;66;66;66;66;66;66;66;66;66;26.72794;  66;
8192; 1; 166; 201;66;66;66;66;66;66;66;66;66;66;66;66;66;66;66;26.66723;  66;
8192; 1; 166; 201;66;66;66;66;66;66;66;66;66;66;66;66;66;66;66;26.68094;  66;
8192; 1; 166; 201;66;66;66;66;66;66;66;66;66;66;66;66;66;66;66;26.71339;  66;
8192; 1; 166; 201;66;66;66;66;66;66;66;66;66;66;66;66;66;66;66;26.68176;  66;
8192; 1; 166; 201;66;66;66;66;66;66;66;66;66;66;66;66;66;66;66;26.69337;  66;
8192; 1; 166; 201;66;66;66;66;66;66;66;66;66;66;66;66;66;66;66;26.71475;  66;
8192; 1; 166; 201;66;66;66;66;66;66;66;66;66;66;66;66;66;66;66;26.70206;  66;
8192; 1; 166; 201;66;66;66;66;66;66;66;66;66;66;66;66;66;66;66;26.67945;  66;
8192; 1; 166; 201;66;66;66;66;66;66;66;66;66;66;66;66;66;66;66;26.69324;  66;
1024; 2; 358; 402;134;134;133;133;133;132;133;133;133;132;132;132;132;133;133;17.43939;  132;
1024; 2; 358; 402;134;134;133;133;133;133;133;132;133;133;133;132;133;132;132;17.45282;  132;
1024; 2; 358; 402;134;133;133;132;132;132;133;133;133;133;133;132;132;133;133;17.43470;  132;
1024; 2; 358; 402;134;134;133;133;133;133;132;132;133;132;133;133;133;133;133;17.43562;  132;
1024; 2; 358; 402;134;133;133;133;133;133;133;132;133;133;133;133;132;133;133;17.43512;  132;
1024; 2; 358; 402;134;133;133;133;133;132;133;133;132;132;132;132;133;132;133;17.52313;  132;
1024; 2; 358; 402;134;133;133;133;132;132;133;132;133;132;132;133;132;132;132;17.45696;  132;
1024; 2; 358; 402;134;133;133;133;132;132;132;132;132;132;132;132;133;132;132;17.52537;  132;
1024; 2; 358; 402;134;133;133;132;133;133;132;132;132;132;132;132;133;133;133;17.53135;  132;
1024; 2; 358; 402;134;134;133;133;132;133;132;132;132;132;132;133;132;133;133;17.46201;  132;
2048; 2; 358; 402;134;134;133;133;133;133;133;133;133;133;133;133;133;132;133;22.96120;  132;
2048; 2; 358; 402;134;134;133;133;133;133;133;133;133;132;133;133;133;133;133;22.94958;  132;
2048; 2; 358; 402;134;134;133;133;133;133;133;133;133;133;133;133;133;133;133;22.94984;  133;
2048; 2; 358; 402;134;133;133;133;133;133;133;132;133;133;133;133;133;132;133;22.96111;  132;
2048; 2; 358; 402;134;133;133;133;133;133;133;133;133;133;133;133;132;133;133;22.94469;  132;
2048; 2; 358; 402;134;134;133;133;133;133;133;133;133;133;133;133;133;133;133;22.95553;  133;
2048; 2; 358; 402;134;133;133;133;133;133;133;133;133;133;133;133;133;133;132;22.96188;  132;
2048; 2; 358; 402;134;133;133;133;133;133;133;133;133;133;133;133;133;133;133;22.97333;  133;
2048; 2; 358; 402;134;133;133;133;133;133;133;133;133;133;133;133;133;133;133;22.95188;  133;
2048; 2; 358; 402;134;133;133;133;133;133;133;133;132;133;132;133;133;133;132;22.93809;  132;
4096; 2; 358; 402;134;133;133;133;133;133;133;133;133;133;133;133;133;133;133;41.95529;  133;
4096; 2; 358; 402;134;133;133;133;133;133;133;133;133;133;133;133;133;133;133;41.98469;  133;
4096; 2; 358; 402;134;133;133;133;133;133;133;133;133;133;133;133;133;133;133;41.97672;  133;
4096; 2; 358; 402;134;133;133;133;133;133;133;133;133;133;133;133;133;133;133;41.98229;  133;
4096; 2; 358; 402;134;133;133;133;133;133;133;133;133;133;133;133;133;133;133;41.98277;  133;
4096; 2; 358; 402;134;133;133;133;133;133;133;133;133;133;133;133;133;133;133;41.94904;  133;
4096; 2; 358; 402;134;133;133;133;133;133;133;133;133;133;133;133;133;133;133;41.94753;  133;
4096; 2; 358; 402;134;133;133;133;133;133;133;133;133;133;133;133;133;133;133;41.99934;  133;
4096; 2; 358; 402;134;133;133;133;133;133;133;133;133;133;133;133;133;133;133;41.94454;  133;
4096; 2; 358; 402;134;133;133;133;133;133;133;133;133;133;133;133;133;133;133;41.94842;  133;
8192; 2; 358; 402;134;133;133;133;133;133;133;133;133;133;133;133;133;133;133;116.08031;  133;
8192; 2; 358; 402;134;133;133;133;133;133;133;133;133;133;133;133;133;133;133;116.12858;  133;
8192; 2; 358; 402;134;133;133;133;133;133;133;133;133;133;133;133;133;133;133;116.08415;  133;
8192; 2; 358; 402;134;133;133;133;133;133;133;133;133;133;133;133;133;133;133;116.11303;  133;
8192; 2; 358; 402;134;133;133;133;133;133;133;133;133;133;133;133;133;133;133;116.02612;  133;
8192; 2; 358; 402;134;133;133;133;133;133;133;133;133;133;133;133;133;133;133;115.94861;  133;
8192; 2; 358; 402;134;133;133;133;133;133;133;133;133;133;133;133;133;133;133;116.16984;  133;
8192; 2; 358; 402;134;133;133;133;133;133;133;133;133;133;133;133;133;133;133;116.05395;  133;
8192; 2; 358; 402;134;133;133;133;133;133;133;133;133;133;133;133;133;133;133;116.06321;  133;
8192; 2; 358; 402;134;133;133;133;133;133;133;133;133;133;133;133;133;133;133;116.12511;  133;
1024; 3; 522; 600;200;199;200;200;200;199;200;200;199;199;200;200;200;200;199;37.52733;  199;
1024; 3; 522; 600;201;200;199;200;199;200;200;199;200;200;200;199;200;200;199;37.44497;  199;
1024; 3; 522; 600;201;200;199;199;199;200;200;199;199;200;200;199;199;199;199;37.38774;  199;
1024; 3; 522; 600;201;200;199;200;199;200;199;200;200;199;199;200;200;199;199;37.47417;  199;
1024; 3; 522; 600;201;200;199;199;200;200;199;199;200;200;200;199;199;199;199;37.45085;  199;
1024; 3; 522; 600;201;200;200;199;199;200;199;199;200;200;200;199;200;199;199;37.49099;  199;
1024; 3; 522; 600;201;200;200;199;200;199;200;199;200;200;199;200;199;200;199;37.54893;  199;
1024; 3; 522; 600;201;200;200;199;200;200;199;200;199;199;200;199;199;200;200;37.56248;  199;
1024; 3; 522; 600;201;199;199;200;199;200;200;199;200;199;199;199;199;199;199;37.57420;  199;
1024; 3; 522; 600;201;200;200;200;199;199;200;199;200;199;199;199;200;199;199;37.43497;  199;
2048; 3; 522; 600;201;200;199;200;200;199;200;200;200;200;200;199;199;200;200;48.98633;  199;
2048; 3; 522; 600;201;200;200;200;200;199;200;199;200;200;200;200;200;199;200;49.03633;  199;
2048; 3; 522; 600;200;200;200;200;199;200;199;199;200;199;200;200;200;199;200;49.03306;  199;
2048; 3; 522; 600;201;200;200;200;200;200;200;199;200;200;200;200;200;200;199;49.10245;  199;
2048; 3; 522; 600;201;200;199;200;200;200;200;200;200;200;200;200;199;200;200;48.99591;  199;
2048; 3; 522; 600;201;200;200;200;200;200;200;200;200;199;200;200;200;200;199;49.03531;  199;
2048; 3; 522; 600;200;199;200;200;200;200;199;200;200;200;200;199;200;200;199;49.02982;  199;
2048; 3; 522; 600;201;200;200;200;200;200;200;200;200;200;200;200;200;199;199;49.03460;  199;
2048; 3; 522; 600;201;200;200;200;199;200;200;200;199;200;200;200;200;199;200;49.00702;  199;
2048; 3; 522; 600;201;200;200;200;200;200;200;200;200;200;199;200;199;200;199;49.02986;  199;
4096; 3; 522; 600;201;200;200;200;200;200;200;200;200;200;200;200;200;200;200;88.66060;  200;
4096; 3; 522; 600;201;200;200;200;200;200;200;200;200;200;200;200;200;200;200;88.65222;  200;
4096; 3; 522; 600;201;200;200;200;200;200;200;200;200;200;200;200;200;200;199;88.67207;  199;
4096; 3; 522; 600;201;200;200;200;200;200;200;200;200;200;200;200;200;200;200;88.66554;  200;
4096; 3; 522; 600;201;200;200;200;200;200;200;200;200;200;200;200;199;200;200;88.68775;  199;
4096; 3; 522; 600;201;200;200;200;200;200;200;200;200;200;200;200;200;200;200;88.60337;  200;
4096; 3; 522; 600;201;200;200;200;200;200;200;200;200;200;200;200;200;199;199;88.63745;  199;
4096; 3; 522; 600;201;200;200;200;200;200;200;200;200;200;200;200;200;199;199;88.62815;  199;
4096; 3; 522; 600;201;200;200;200;200;200;200;200;200;200;200;200;200;200;199;88.66863;  199;
4096; 3; 522; 600;201;200;200;200;200;200;200;200;200;200;200;200;199;199;200;88.61209;  199;
8192; 3; 522; 600;201;200;200;200;200;200;200;200;200;200;200;200;200;200;200;251.63446;  200;
8192; 3; 522; 600;201;200;200;200;200;200;200;200;200;200;200;200;200;200;200;251.49745;  200;
8192; 3; 522; 600;201;200;200;200;200;200;200;200;200;200;200;200;200;200;200;251.43501;  200;
8192; 3; 522; 600;201;200;200;200;200;200;200;200;200;200;200;200;199;200;200;251.42629;  199;
8192; 3; 522; 600;201;200;200;200;200;200;200;200;200;200;200;200;200;200;200;251.48931;  200;
8192; 3; 522; 600;201;200;200;200;200;200;200;200;200;200;200;200;200;200;200;251.16795;  200;
8192; 3; 522; 600;201;200;200;200;200;200;200;200;200;200;200;200;200;200;200;251.45392;  200;
8192; 3; 522; 600;201;200;200;200;200;200;200;200;200;200;200;200;200;200;200;251.25337;  200;
8192; 3; 522; 600;201;200;200;200;200;200;200;200;200;200;200;200;200;200;200;251.36705;  200;
8192; 3; 522; 600;201;200;200;200;200;200;200;200;200;200;200;200;200;200;200;251.22011;  200;
1024; 4; 712; 801;269;268;267;267;266;267;267;266;267;266;267;267;266;267;267;67.42504;  266;
1024; 4; 712; 801;269;268;267;267;267;267;267;266;267;267;267;267;267;267;267;67.37192;  266;
1024; 4; 712; 801;269;268;267;267;267;267;266;267;267;267;267;267;267;267;267;67.34954;  266;
1024; 4; 712; 801;269;268;268;267;267;267;267;267;266;267;267;267;267;266;267;67.35982;  266;
1024; 4; 712; 801;269;268;268;267;267;266;267;267;267;266;267;266;267;266;267;67.28800;  266;
1024; 4; 712; 801;269;268;267;267;267;267;267;267;267;267;267;267;267;267;267;67.29580;  267;
1024; 4; 712; 801;269;268;267;267;267;267;267;267;267;267;267;267;267;267;267;67.33265;  267;
1024; 4; 712; 801;269;268;267;266;267;267;267;267;267;267;267;267;266;267;267;67.20209;  266;
1024; 4; 712; 801;269;268;267;267;266;267;267;267;267;266;267;267;267;267;267;67.18478;  266;
1024; 4; 712; 801;269;268;267;267;267;267;267;267;267;267;267;267;267;267;267;67.26960;  267;
2048; 4; 712; 801;269;268;267;267;267;267;267;267;267;267;267;267;267;267;267;87.68837;  267;
2048; 4; 712; 801;269;268;267;267;267;267;267;267;267;267;267;267;267;267;267;87.72362;  267;
2048; 4; 712; 801;269;268;267;267;267;267;267;267;267;267;267;267;267;267;267;87.73678;  267;
2048; 4; 712; 801;269;268;267;267;267;267;267;267;266;267;267;267;267;267;267;87.76320;  266;
2048; 4; 712; 801;269;268;267;267;267;267;267;267;267;267;267;267;267;267;267;87.73330;  267;
2048; 4; 712; 801;269;268;267;267;267;267;267;267;267;267;267;267;267;267;267;87.72018;  267;
2048; 4; 712; 801;269;268;267;267;267;267;267;267;267;267;267;267;267;267;267;87.68959;  267;
2048; 4; 712; 801;269;268;267;267;267;267;267;267;267;267;267;267;267;267;267;87.67492;  267;
2048; 4; 712; 801;269;268;267;267;267;267;267;267;267;267;267;267;267;267;267;87.70234;  267;
2048; 4; 712; 801;269;268;267;267;267;267;267;267;267;267;267;267;267;267;267;87.66094;  267;
4096; 4; 712; 801;269;268;267;267;267;267;267;267;267;267;267;267;267;267;267;163.11309;  267;
4096; 4; 712; 801;269;268;267;267;267;267;267;267;267;267;267;267;267;267;267;163.24034;  267;
4096; 4; 712; 801;269;268;267;267;267;267;267;267;267;267;267;267;267;267;267;163.25771;  267;
4096; 4; 712; 801;269;268;267;267;267;267;267;267;267;267;267;267;267;267;267;163.21322;  267;
4096; 4; 712; 801;269;268;267;267;267;267;267;267;267;267;267;267;267;267;267;163.17125;  267;
4096; 4; 712; 801;269;268;267;267;267;267;267;267;267;267;267;267;267;267;267;163.19915;  267;
4096; 4; 712; 801;269;268;267;267;267;267;267;267;267;267;267;267;267;267;267;163.15112;  267;
4096; 4; 712; 801;269;268;267;267;267;267;267;267;267;267;267;267;267;267;267;163.14592;  267;
4096; 4; 712; 801;269;268;267;267;267;267;267;267;267;267;267;267;267;267;267;163.26301;  267;
4096; 4; 712; 801;269;268;267;267;267;267;267;267;267;267;267;267;267;267;267;163.18098;  267;
8192; 4; 712; 801;269;268;267;267;267;267;267;267;267;267;267;267;267;267;267;466.36468;  267;
8192; 4; 712; 801;269;268;267;267;267;267;267;267;267;267;267;267;267;267;267;466.60612;  267;
8192; 4; 712; 801;269;268;267;267;267;267;267;267;267;267;267;267;267;267;267;466.55214;  267;
8192; 4; 712; 801;269;268;267;267;267;267;267;267;267;267;267;267;267;267;267;466.88751;  267;
8192; 4; 712; 801;269;267;267;267;267;267;267;267;267;267;267;267;267;267;267;466.90791;  267;
8192; 4; 712; 801;269;268;267;267;267;267;267;267;267;267;267;267;267;267;267;466.79495;  267;
8192; 4; 712; 801;269;268;267;267;267;267;267;267;267;267;267;267;267;267;267;467.03703;  267;
8192; 4; 712; 801;269;268;267;267;267;267;267;267;267;267;267;267;267;267;267;466.97027;  267;
8192; 4; 712; 801;269;268;267;267;267;267;267;267;267;267;267;267;267;267;267;467.22892;  267;
8192; 4; 712; 801;269;268;267;267;267;267;267;267;267;267;267;267;267;267;267;466.60250;  267;
1024; 5; 915; 1002;338;336;335;335;335;335;334;334;334;334;334;334;334;333;334;111.57908;  333;
1024; 5; 915; 1002;338;336;335;334;335;335;334;334;334;334;334;333;334;334;334;111.68172;  333;
1024; 5; 915; 1002;337;336;335;335;335;334;334;334;333;334;333;333;333;334;334;111.20664;  333;
1024; 5; 915; 1002;337;336;335;335;334;334;334;334;334;333;334;334;334;334;334;111.41829;  333;
1024; 5; 915; 1002;338;336;335;335;334;334;334;334;334;334;334;334;333;334;334;111.33115;  333;
1024; 5; 915; 1002;338;336;335;334;335;334;334;334;333;334;334;334;334;334;333;111.41653;  333;
1024; 5; 915; 1002;338;336;335;335;335;334;334;334;334;334;333;334;333;333;334;111.52926;  333;
1024; 5; 915; 1002;338;336;335;335;335;334;334;334;334;333;334;334;334;334;334;111.49348;  333;
1024; 5; 915; 1002;338;335;335;335;335;334;334;334;334;334;333;334;334;334;334;111.35763;  333;
1024; 5; 915; 1002;338;336;335;335;335;334;334;333;333;334;333;334;333;334;334;111.60198;  333;
2048; 5; 915; 1002;338;336;335;335;334;334;334;334;334;334;334;334;334;334;334;148.62106;  334;
2048; 5; 915; 1002;338;336;335;335;335;334;334;334;334;334;334;334;334;334;334;148.72258;  334;
2048; 5; 915; 1002;338;336;335;335;335;334;334;334;334;334;334;334;334;334;334;148.57923;  334;
2048; 5; 915; 1002;338;336;335;335;335;334;334;334;334;334;334;334;334;334;334;148.65185;  334;
2048; 5; 915; 1002;337;336;335;335;335;334;334;334;334;334;334;334;334;334;334;148.66264;  334;
2048; 5; 915; 1002;338;336;335;335;334;334;334;334;334;334;334;334;334;334;334;148.60571;  334;
2048; 5; 915; 1002;337;336;335;335;334;334;334;334;334;334;334;334;334;334;334;148.56016;  334;
2048; 5; 915; 1002;337;336;335;335;335;334;334;334;334;334;334;334;334;334;334;148.65386;  334;
2048; 5; 915; 1002;337;336;335;335;335;334;334;334;334;334;334;334;334;334;334;148.77790;  334;
2048; 5; 915; 1002;337;336;335;335;334;334;334;334;334;334;334;334;334;334;334;148.62921;  334;
4096; 5; 915; 1002;337;335;335;335;334;334;334;334;334;334;334;334;334;334;334;265.91169;  334;
4096; 5; 915; 1002;338;336;335;335;334;334;334;334;334;334;334;334;334;334;334;265.92156;  334;
4096; 5; 915; 1002;337;336;335;335;334;334;334;334;334;334;334;334;334;334;334;265.90580;  334;
4096; 5; 915; 1002;337;336;335;335;334;334;334;334;334;334;334;334;334;334;334;265.90711;  334;
4096; 5; 915; 1002;338;335;335;335;335;334;334;334;334;334;334;334;334;334;334;265.96244;  334;
4096; 5; 915; 1002;337;336;335;335;335;334;334;334;334;334;334;334;334;334;334;265.90825;  334;
4096; 5; 915; 1002;337;336;335;335;334;334;334;334;334;334;334;334;334;334;334;265.92567;  334;
4096; 5; 915; 1002;337;336;335;335;334;334;334;334;334;334;334;334;334;334;334;265.73115;  334;
4096; 5; 915; 1002;337;336;335;335;334;334;334;334;334;334;334;334;334;334;334;265.89979;  334;
4096; 5; 915; 1002;338;335;335;335;334;334;334;334;334;334;334;334;334;334;334;265.88128;  334;
8192; 5; 915; 1002;337;335;335;335;334;334;334;334;334;334;334;334;334;334;334;748.15776;  334;
8192; 5; 915; 1002;338;335;335;335;334;334;334;334;334;334;334;334;334;334;334;747.94111;  334;
8192; 5; 915; 1002;337;335;335;335;334;334;334;334;334;334;334;334;334;334;334;747.77961;  334;
8192; 5; 915; 1002;337;335;335;335;334;334;334;334;334;334;334;334;334;334;334;748.35371;  334;
8192; 5; 915; 1002;338;335;335;335;334;334;334;334;334;334;334;334;334;334;334;747.78776;  334;
8192; 5; 915; 1002;337;335;335;335;334;334;334;334;334;334;334;334;334;334;334;748.54219;  334;
8192; 5; 915; 1002;337;335;335;335;334;334;334;334;334;334;334;334;334;334;334;748.17998;  334;
8192; 5; 915; 1002;337;335;335;335;334;334;334;334;334;334;334;334;334;334;334;747.83798;  334;
8192; 5; 915; 1002;337;335;335;335;334;334;334;334;334;334;334;334;334;334;334;748.13351;  334;