run;iterations;problem;ants;OptSolution;totaltime

 10; 50; 1; 1024; 3800; 0.02738
 10; 50; 1; 1024; 3800; 0.02103
 10; 50; 1; 1024; 3800; 0.02096
 10; 50; 1; 1024; 3800; 0.02099
 10; 50; 1; 1024; 3800; 0.02029
 10; 50; 1; 1024; 3800; 0.02030
 10; 50; 1; 1024; 3800; 0.02027
 10; 50; 1; 1024; 3800; 0.02023
 10; 50; 1; 1024; 3800; 0.02022
 10; 50; 1; 1024; 3800; 0.01970
 10; 50; 1; 2048; 3800; 0.02333
 10; 50; 1; 2048; 3800; 0.02335
 10; 50; 1; 2048; 3800; 0.02335
 10; 50; 1; 2048; 3800; 0.01816
 10; 50; 1; 2048; 3800; 0.01728
 10; 50; 1; 2048; 3800; 0.01722
 10; 50; 1; 2048; 3800; 0.01718
 10; 50; 1; 2048; 3800; 0.01720
 10; 50; 1; 2048; 3800; 0.01720
 10; 50; 1; 2048; 3800; 0.01703
 10; 50; 1; 4096; 3800; 0.02256
 10; 50; 1; 4096; 3800; 0.02230
 10; 50; 1; 4096; 3800; 0.02229
 10; 50; 1; 4096; 3800; 0.02229
 10; 50; 1; 4096; 3800; 0.02229
 10; 50; 1; 4096; 3800; 0.02230
 10; 50; 1; 4096; 3800; 0.02228
 10; 50; 1; 4096; 3800; 0.02240
 10; 50; 1; 4096; 3800; 0.02230
 10; 50; 1; 4096; 3800; 0.02230
 10; 50; 1; 8192; 3800; 0.03593
 10; 50; 1; 8192; 3800; 0.03593
 10; 50; 1; 8192; 3800; 0.03603
 10; 50; 1; 8192; 3800; 0.03604
 10; 50; 1; 8192; 3800; 0.03598
 10; 50; 1; 8192; 3800; 0.03606
 10; 50; 1; 8192; 3800; 0.03589
 10; 50; 1; 8192; 3800; 0.03591
 10; 50; 1; 8192; 3800; 0.03590
 10; 50; 1; 8192; 3800; 0.03589
 10; 50; 3; 1024; 4015; 0.08427
 10; 50; 3; 1024; 4015; 0.07834
 10; 50; 3; 1024; 4015; 0.07838
 10; 50; 3; 1024; 4015; 0.07797
 10; 50; 3; 1024; 4015; 0.07789
 10; 50; 3; 1024; 4015; 0.07794
 10; 50; 3; 1024; 4015; 0.07768
 10; 50; 3; 1024; 4015; 0.07752
 10; 50; 3; 1024; 4015; 0.07756
 10; 50; 3; 1024; 4015; 0.07776
 10; 50; 3; 2048; 4015; 0.08071
 10; 50; 3; 2048; 4015; 0.08414
 10; 50; 3; 2048; 4015; 0.08395
 10; 50; 3; 2048; 4015; 0.08361
 10; 50; 3; 2048; 4015; 0.08419
 10; 50; 3; 2048; 4015; 0.08382
 10; 50; 3; 2048; 4015; 0.08294
 10; 50; 3; 2048; 4015; 0.08299
 10; 50; 3; 2048; 4015; 0.08296
 10; 50; 3; 2048; 4015; 0.08313
 10; 50; 3; 4096; 4015; 0.08993
 10; 50; 3; 4096; 4015; 0.09065
 10; 50; 3; 4096; 4015; 0.09069
 10; 50; 3; 4096; 4015; 0.09125
 10; 50; 3; 4096; 4015; 0.08783
 10; 50; 3; 4096; 4015; 0.08764
 10; 50; 3; 4096; 4015; 0.08756
 10; 50; 3; 4096; 4015; 0.09111
 10; 50; 3; 4096; 4015; 0.08834
 10; 50; 3; 4096; 4015; 0.09098
 10; 50; 3; 8192; 4015; 0.13033
 10; 50; 3; 8192; 4015; 0.12982
 10; 50; 3; 8192; 4015; 0.13013
 10; 50; 3; 8192; 4015; 0.13017
 10; 50; 3; 8192; 4015; 0.12988
 10; 50; 3; 8192; 4015; 0.12975
 10; 50; 3; 8192; 4015; 0.13052
 10; 50; 3; 8192; 4015; 0.12983
 10; 50; 3; 8192; 4015; 0.13051
 10; 50; 3; 8192; 4015; 0.15828
 10; 50; 4; 1024; 6120; 0.13096
 10; 50; 4; 1024; 6120; 0.12343
 10; 50; 4; 1024; 6120; 0.12351
 10; 50; 4; 1024; 6120; 0.12314
 10; 50; 4; 1024; 6120; 0.12327
 10; 50; 4; 1024; 6120; 0.12404
 10; 50; 4; 1024; 6120; 0.12371
 10; 50; 4; 1024; 6120; 0.12397
 10; 50; 4; 1024; 6120; 0.12345
 10; 50; 4; 1024; 6120; 0.12353
 10; 50; 4; 2048; 6120; 0.12671
 10; 50; 4; 2048; 6120; 0.12608
 10; 50; 4; 2048; 6120; 0.12654
 10; 50; 4; 2048; 6120; 0.12623
 10; 50; 4; 2048; 6120; 0.12522
 10; 50; 4; 2048; 6120; 0.12694
 10; 50; 4; 2048; 6120; 0.12575
 10; 50; 4; 2048; 6120; 0.12501
 10; 50; 4; 2048; 6120; 0.12561
 10; 50; 4; 2048; 6120; 0.12553
 10; 50; 4; 4096; 6120; 0.13380
 10; 50; 4; 4096; 6120; 0.13405
 10; 50; 4; 4096; 6120; 0.13348
 10; 50; 4; 4096; 6120; 0.13347
 10; 50; 4; 4096; 6120; 0.13259
 10; 50; 4; 4096; 6120; 0.13390
 10; 50; 4; 4096; 6120; 0.13396
 10; 50; 4; 4096; 6120; 0.13483
 10; 50; 4; 4096; 6120; 0.13397
 10; 50; 4; 4096; 6120; 0.13365
 10; 50; 4; 8192; 6120; 0.18918
 10; 50; 4; 8192; 6120; 0.18956
 10; 50; 4; 8192; 6120; 0.18842
 10; 50; 4; 8192; 6120; 0.18565
 10; 50; 4; 8192; 6120; 0.18709
 10; 50; 4; 8192; 6120; 0.18643
 10; 50; 4; 8192; 6120; 0.18631
 10; 50; 4; 8192; 6120; 0.18650
 10; 50; 4; 8192; 6120; 0.18656
 10; 50; 4; 8192; 6120; 0.18571
 10; 50; 5; 1024; 12400; 0.25540
 10; 50; 5; 1024; 12400; 0.24702
 10; 50; 5; 1024; 12400; 0.24719
 10; 50; 5; 1024; 12400; 0.24772
 10; 50; 5; 1024; 12400; 0.24925
 10; 50; 5; 1024; 12400; 0.24947
 10; 50; 5; 1024; 12400; 0.24665
 10; 50; 5; 1024; 12400; 0.24538
 10; 50; 5; 1024; 12400; 0.24709
 10; 50; 5; 1024; 12400; 0.24867
 10; 50; 5; 2048; 12400; 0.24994
 10; 50; 5; 2048; 12400; 0.25160
 10; 50; 5; 2048; 12400; 0.25064
 10; 50; 5; 2048; 12400; 0.25070
 10; 50; 5; 2048; 12400; 0.25138
 10; 50; 5; 2048; 12400; 0.25016
 10; 50; 5; 2048; 12400; 0.25170
 10; 50; 5; 2048; 12400; 0.25026
 10; 50; 5; 2048; 12400; 0.25088
 10; 50; 5; 2048; 12400; 0.25063
 10; 50; 5; 4096; 12400; 0.25928
 10; 50; 5; 4096; 12400; 0.25896
 10; 50; 5; 4096; 12400; 0.26018
 10; 50; 5; 4096; 12400; 0.26032
 10; 50; 5; 4096; 12400; 0.25905
 10; 50; 5; 4096; 12400; 0.26125
 10; 50; 5; 4096; 12400; 0.25885
 10; 50; 5; 4096; 12400; 0.26083
 10; 50; 5; 4096; 12400; 0.25971
 10; 50; 5; 4096; 12400; 0.26013
 10; 50; 5; 8192; 12400; 0.36658
 10; 50; 5; 8192; 12400; 0.36726
 10; 50; 5; 8192; 12400; 0.36712
 10; 50; 5; 8192; 12400; 0.36722
 10; 50; 5; 8192; 12400; 0.36782
 10; 50; 5; 8192; 12400; 0.36994
 10; 50; 5; 8192; 12400; 0.36997
 10; 50; 5; 8192; 12400; 0.36926
 10; 50; 5; 8192; 12400; 0.36904
 10; 50; 5; 8192; 12400; 0.37049
 10; 50; 6; 1024; 10589; 0.41040
 10; 50; 6; 1024; 10589; 0.40359
 10; 50; 6; 1024; 10587; 0.39876
 10; 50; 6; 1024; 10586; 0.39779
 10; 50; 6; 1024; 10585; 0.39573
 10; 50; 6; 1024; 10588; 0.40428
 10; 50; 6; 1024; 10587; 0.40320
 10; 50; 6; 1024; 10600; 0.39633
 10; 50; 6; 1024; 10618; 0.40052
 10; 50; 6; 1024; 10605; 0.39903
 10; 50; 6; 2048; 10601; 0.40696
 10; 50; 6; 2048; 10601; 0.40770
 10; 50; 6; 2048; 10604; 0.40766
 10; 50; 6; 2048; 10618; 0.40563
 10; 50; 6; 2048; 10618; 0.40677
 10; 50; 6; 2048; 10618; 0.40826
 10; 50; 6; 2048; 10589; 0.40759
 10; 50; 6; 2048; 10618; 0.40905
 10; 50; 6; 2048; 10605; 0.40679
 10; 50; 6; 2048; 10618; 0.40794
 10; 50; 6; 4096; 10605; 0.41853
 10; 50; 6; 4096; 10618; 0.41824
 10; 50; 6; 4096; 10618; 0.42052
 10; 50; 6; 4096; 10618; 0.44830
 10; 50; 6; 4096; 10618; 0.41953
 10; 50; 6; 4096; 10605; 0.41748
 10; 50; 6; 4096; 10602; 0.42036
 10; 50; 6; 4096; 10618; 0.42008
 10; 50; 6; 4096; 10605; 0.42079
 10; 50; 6; 4096; 10618; 0.42080
 10; 50; 6; 8192; 10618; 0.58757
 10; 50; 6; 8192; 10604; 0.59195
 10; 50; 6; 8192; 10618; 0.59141
 10; 50; 6; 8192; 10618; 0.58887
 10; 50; 6; 8192; 10618; 0.59001
 10; 50; 6; 8192; 10618; 0.61244
 10; 50; 6; 8192; 10618; 0.58959
 10; 50; 6; 8192; 10618; 0.59036
 10; 50; 6; 8192; 10618; 0.58901
 10; 50; 6; 8192; 10618; 0.59005
 10; 50; 7; 1024; 16427; 0.63959
 10; 50; 7; 1024; 16472; 0.64115
 10; 50; 7; 1024; 16457; 0.63790
 10; 50; 7; 1024; 16477; 0.63207
 10; 50; 7; 1024; 16490; 0.63821
 10; 50; 7; 1024; 16443; 0.63217
 10; 50; 7; 1024; 16434; 0.63234
 10; 50; 7; 1024; 16494; 0.63333
 10; 50; 7; 1024; 16410; 0.63380
 10; 50; 7; 1024; 16434; 0.63415
 10; 50; 7; 2048; 16440; 0.64567
 10; 50; 7; 2048; 16486; 0.64316
 10; 50; 7; 2048; 16496; 0.64427
 10; 50; 7; 2048; 16449; 0.64179
 10; 50; 7; 2048; 16474; 0.64234
 10; 50; 7; 2048; 16494; 0.63999
 10; 50; 7; 2048; 16504; 0.64738
 10; 50; 7; 2048; 16487; 0.64633
 10; 50; 7; 2048; 16470; 0.64012
 10; 50; 7; 2048; 16488; 0.63801
 10; 50; 7; 4096; 16462; 0.65637
 10; 50; 7; 4096; 16487; 0.65608
 10; 50; 7; 4096; 16473; 0.65585
 10; 50; 7; 4096; 16537; 0.65647
 10; 50; 7; 4096; 16488; 0.65764
 10; 50; 7; 4096; 16473; 0.65983
 10; 50; 7; 4096; 16482; 0.64976
 10; 50; 7; 4096; 16468; 0.65796
 10; 50; 7; 4096; 16456; 0.65554
 10; 50; 7; 4096; 16499; 0.65287
 10; 50; 7; 8192; 16498; 0.90543
 10; 50; 7; 8192; 16506; 0.89849
 10; 50; 7; 8192; 16494; 0.90358
 10; 50; 7; 8192; 16505; 0.90261
 10; 50; 7; 8192; 16483; 0.90640
 10; 50; 7; 8192; 16476; 0.90337
 10; 50; 7; 8192; 16469; 0.90235
 10; 50; 7; 8192; 16507; 0.89782
 10; 50; 7; 8192; 16490; 0.90430
 10; 50; 7; 8192; 16478; 0.90542